2
4
8
14
16
22
26
28
32
34
38
44
46
52
56
58
62
64
68
74
76
82
86
88
92
94
98
104
106
112
116
118
122
124
128
134
136
142
146
148
152
154
158
164
166
172
176
178
182
184
188
194
196
202
206
208
212
214
218
224
226
232
236
238
242
244
248
254
256
262
266
268
272
274
278
284
286
292
296
298
302
304
308
314
316
322
326
328
332
334
338
344
346
352
356
358
362
364
368
374
376
382
386
388
392
394
398
404
406
412
416
418
422
424
428
434
436
442
446
448
452
454
458
464
466
472
476
478
482
484
488
494
496
502
506
508
512
514
518
524
526
532
536
538
542
544
548
554
556
562
566
568
572
574
578
584
586
592
596
598
602
604
608
614
616
622
626
628
632
634
638
644
646
652
656
658
662
664
668
674
676
682
686
688
692
694
698
704
706
712
716
718
722
724
728
734
736
742
746
748
752
754
758
764
766
772
776
778
782
784
788
794
796
802
806
808
812
814
818
824
826
832
836
838
842
844
848
854
856
862
866
868
872
874
878
884
886
892
896
898
902
904
908
914
916
922
926
928
932
934
938
944
946
952
956
958
962
964
968
974
976
982
986
988
992
994
998
